18
353874
24
6 250
6 250
6 250
6 250
6 250
6 50000000
6 250
6 250
6 250
6 250
6 250
6 250
6 250
6 250
6 250
6 250
6 250
6 250
6 250
6 250
6 250
6 250
6 250
6 250
6 250
6 250
6 250
6 250
6 250
6 250
6 250
6 250
6 250
6 250
6 250
6 250
6 250
6 250
6 250
6 250
6 250
6 250
6 250
6 250
6 250
6 250
6 250
6 250
6 250
6 250
6 250
6 250
6 250
6 250
6 250
6 250
6 250
6 250
6 250
6 250
6 250
6 250
6 250
6 250
6 250
6 250
6 250
6 250
6 250
6 250
6 250
6 250
6 250
6 250
6 250
6 250
6 250
6 250
6 250
6 250
6 250
6 250
6 250
6 250
6 250
6 250
6 250
6 250
6 250
6 250
6 250
6 250
6 250
6 250
6 250
6 250
6 250
6 250
6 250
6 250
6 250
6 250
6 250
6 250
6 250
6 250
6 250
6 250
6 250
6 250
6 250
6 250
6 250
6 250
6 250
6 250
6 250
6 250
6 250
6 250
6 250
6 250
6 250
6 250
6 250
6 250
6 250
6 250
6 250
6 250
6 250
6 250
6 250
6 250
6 250
6 250
6 250
6 250
6 250
6 250
6 250
6 250
6 250
6 250
6 250
6 250
6 250
6 250
6 250
6 250
6 250
6 250
5 50
2
6 250
6 250
6 250
6 250
6 250
6 250
6 250
6 250
6 250
6 250
6 250
6 250
6 250
6 250
6 250
6 250
3
5 100
1
6 500
6 250
6 250
6 250
6 250
6 250
6 250
6 250
6 250
6 250
6 250
6 250
6 250
6 250
6 250
2
6 228
4
6 0
6 250
6 250
6 250
6 250
6 250
6 250
6 250
6 250
6 250
6 250
6 250
6 250
6 250
6 250
6 250
2
6 250
6 250
6 250
6 250
6 250
6 250
6 250
6 250
6 250
6 250
6 250
6 250
6 250
6 250
6 250
6 250
6 250
6 250
6 250
6 250
6 250
6 250
6 250
6 250
6 250
6 250
6 250
6 250
6 250
6 250
6 250
6 250
6 250
6 250
6 250
6 250
6 250
6 250
6 250
6 250
6 250
6 250
6 250
6 250
6 250
6 250
6 250
6 250
6 250
6 250
6 250
6 250
6 250
6 250
6 250
6 250
6 250
6 250
6 250
6 250
6 250
6 250
6 250
6 250
6 250
6 250
6 250
6 250
6 250
6 250
6 250
6 250
6 250
6 250
6 250
6 250
6 250
6 250
6 250
6 250
6 250
6 250
6 250
6 250
6 250
6 250
6 250
6 250
6 250
6 250
6 250
6 250
6 250
6 250
6 250
6 250
6 250
6 250
6 250
6 250
6 250
6 250
6 250
6 250
6 250
6 250
6 250
6 250
6 250
6 250
6 250
6 250
6 250
6 250
6 250
6 250