18
114832
7
0
4
3
3
0
0
0
1
2
3
4
5 20
6 100
6 20
5 20
4
3
2
0
0
1
2
0
0
0
0
0
0
0
0
0
0
0
0
0
0
0
4
0
5 59
6 82
0
0
0
0
0
0
0
0
0
0
0
0
2
2
2
2
0
2
2
2
2
2
0
0
0
5 0
0
0
0
0
5 30
5 80
5 110
5 110
5 110
5 110
5 110
5 110
5 110
5 110
5 29
5 29
0
0
0
0
0
0
0
0
0
0
0
0
5 80
3
0
0
0
0
0
0
0
0
0
0
0
0
0
0
0
0
1
0
0
0
0
0
0
0
6 71
6 71
6 71
6 71
6 71
6 71
6 71
6 71
6 71
6 71
6 152
6 71
6 71
6 71
6 71
6 71
6 71
6 71
6 71
6 71
6 71
6 71
0
0
0
0
0
0
0
0
0
0
0
0
0
0
0
0
0
0
0
0
0
0
0
0
0
0
0
0
0
0
0
0
0
0
0
3
3
3
3
3
3
3
3
0
0
0
0
0
0
0
0
0
0
0
0
1
1
1
1
1
1
1
1
1
1
1
1
1
1
1
1
1
1
1
1
1
1
1
1
1
1
1
1
1
1
0
0
0
0
0
0
0
0
0
0
0
0
0
0
0
0
0
0
0
0
0
0
0
0
0
0
0
0
0
0
0
0
0
0
0
0
0
0
0
0
0
0
0
0
0
0
1
1
1
1
1
1
1
1
1
1
0
0
0
0
0
0
0
0
0
0
0
0
0
0
0
0
0
0
0
0
0
0
0
0
0
0
0
0
0
0
0
0
0
0
0
0
0
0
0
0
